path fileName fileType fileSize fileDate content
/innovationlab-export/innovationlab/homes/Peter.Styliadis@sas.com/casuser/wc_pdfs wc_property_1987_2013.pdf pdf 97822 14JUN24:14:19:24 "
Tax Rates                            
TAXING UNIT 2013 2012 2011 2010 2009 2008* 2007 2006 2005 2004 2003 2002 2001 2000* 1999 1998 1997 1996 1995 1994 1993 1992* 1991 1990 1989 1988 1987 
WAKE COUNTY 1 .534 .534 .534 .534 .534 .534 .678 .634 .604 .604 .604 .564 .564 .564 .73 .63 .63 .63 .63 .76 .76 .66 .88 .88 .79 .72 .59 
ANGIER2 .53 .53 .53 .53 .53 .53 .53 .53 .50 .46                  
APEX 2 .39 .39 .34 .34 .34 .34 .40 .40 .40 .40 .40 .40 .40 .42 .52 .52 .52 .52 .52 .52 .52 .52 .66 .66 .66 .66 .66 
CARY .35  .33 .33 .33 .33 .33 .42 .42 .42 .42 .42 .42 .42 .43 .54 .54 .54 .54 .54 .54 .54 .54 .68 .68 .68 .66 .61 
CLAYTON .525 .525 .525 .54 .54 .54 .54 .49                    
FUQUAY VARINA 2 .385 .385 .385 .385 .385 .385 .52 .52 .52 .52 .52 .52 .49 .49 .59 .59 .59 .59 .59 .59 .59 .59 .70 .70 .70 .70 .65 
GARNER .49 .49 .49 .49 .49 .49 .575 .575 .56 .56 .56 .56 .52 .52 .64 .64 .64 .64 .64 .64 .64 .64 .77 .77 .71 .71 .68 
HOLLY SPRINGS .435 .435 .415 .415 .415 .415 .53 .53 .53 .53 .53 .53 .53 .53 .62 .62 .62 .62 .62 .62 .62 .57 .70 .70 .65 .65 .60 
KNIGHTDALE .43 .41 .41 .41 .40 .40 .50 .50 .50 .50 .48 .46 .44 .44 .53 .52 .52 .51 .51 .51 .51 .51 .59 .59 .59 .55 .55 
MORRISVILLE .39 .3665 .3665 .3665 .3665 .3665 .4677 .4677 .4677 .47 .47 .47 .47 .47 .60 .60 .60 .60 .60 .60 .60 .60 .66 .66 .66 .66 .66 
RALEIGH 2 .3826 .3826 .3735 .3735 .3735 .3735 .435 .435 .395 .395 .385 .385 .385 .385 .525 .525 .5375 .5375 .544 .5725 .6175 .6175 .785 .775 .73 .72 .66 
ROLESVILLE .44 .44 .44 .42 .42 .42 .515 .485 .485 .485 .485 .485 .485 .485 .62 .55 .55 .55 .55 .55 .55 .55 .63 .63 .63 .63 .60 
WAKE FOREST 2 .51 .51 .51 .51 .51 .51 .55 .54 .54 .54 .53 .52 .52 .50 .60 .56 .56 .56 .56 .56 .56 .53 .675 .675 .625 .625 .625 
WENDELL 3 .49 .49 .49 .49 .49 .49 .54 .54 .54 .54 .54 .54 .54 .54 .59 .59 .59 .59 .59 .59 .59 .60 .69 .69 .69 .69 .69 
ZEBULON .525 .5125 .50 .50 .50 .51 .55 .50 .49 .48 .48 .48 .46 .46 .525 .525 .525 .525 .525 .525 .465 .465 .57 .57 .57 .57 .57 

 

*  Real Estate reappraisal effective.   
1   Properties not located within a municipality may be subject to a fire district tax and the RTP special district tax in addition to county taxes. 
2   May be subject to a special district tax in addition to the municipal rate. 
3   All property within this municipality is also subject to the current fire district tax. 
 
 
 

Vehicle Fees                  
TAXING UNIT 2013 2012 2011 2010 2009 2008 2007 2006 2005 2004 2003 2002 2001 2000 1999 1998 1997 1996 1995 1994 1993 1992 1991 1990 1989 
ANGIER 5.00 5.00 5.00 5.00 5.00 5.00 5.00 5.00 5.00 5.00                
APEX 5.00 5.00 5.00 5.00 5.00 5.00 5.00 5.00 5.00 5.00 5.00 5.00 5.00 5.00 5.00 5.00 5.00 5.00 5.00 5.00 5.00 5.00 5.00 5.00 5.00 
CARY 15.00 15.00 15.00 15.00 15.00 15.00 15.00 15.00 15.00 15.00 15.00 15.00 10.00 10.00 10.00 10.00 10.00 10.00 10.00 10.00 10.00 5.00 5.00 5.00 5.00 
CLAYTON 5.00 5.00 5.00 5.00 5.00  5.00 5.00 5.00                  
FUQUAY VARINA 5.00 5.00 5.00 5.00 5.00 5.00 5.00 5.00 5.00 5.00 5.00 5.00 5.00 5.00 5.00 5.00 5.00 5.00 5.00 5.00 5.00 5.00 5.00 5.00 5.00 
GARNER 15.00 15.00 15.00 15.00 15.00 15.00 5.00 5.00 5.00 5.00 5.00 5.00 5.00 5.00 5.00 5.00 5.00 5.00 5.00 5.00 5.00 5.00 5.00 5.00 5.00 
HOLLY SPRINGS 10.00 10.00 10.00 10.00 10.00 10.00 5.00 5.00 5.00 5.00 5.00 5.00 5.00 5.00 5.00 5.00 5.00 5.00 5.00 5.00 5.00 5.00 5.00 5.00 5.00 
KNIGHTDALE 15.00 15.00 15.00 15.00 15.00 15.00 15.00 5.00 5.00 5.00 3.00 3.00 3.00 3.00 3.00 3.00 3.00 3.00 3.00 3.00 3.00 3.00 3.00   
MORRISVILLE 10.00 10.00 10.00 10.00 5.00 5.00 5.00 5.00 5.00 5.00 5.00 5.00 3.00 3.00 3.00 3.00 3.00 3.00 3.00 3.00 3.00 3.00 3.00 3.00 3.00 
RALEIGH 30.00 30.00 30.00 30.00 25.00 25.00 25.001 20.00 15.00 15.00 15.00 15.00 15.00 15.00 15.00 15.00 15.00 15.00 15.00 15.00 15.00 15.00 15.00 10.00 10.00 
ROLESVILLE 10.00 10.00 10.00 10.00 10.00 5.00 5.00 5.00 5.00 5.00 5.00 5.00 5.00 5.00 5.00 5.00 5.00 5.00 5.00 5.00 5.00 5.00 5.00 5.00 5.00 
WAKE FOREST 15.00 15.00 15.00 5.00 5.00 5.00 5.00 5.00 5.00 5.00 5.00 5.00 5.00 5.00 5.00 5.00 5.00 5.00 5.00 5.00 5.00 5.00 5.00 5.00 5.00 
WENDELL 10.00 5.00 5.00 5.00 5.00 5.00           3.00 3.00 3.00 3.00 3.00 3.00 3.00 3.00 3.00 3.00 
ZEBULON 5.00 5.00 5.00 5.00 5.00 5.00 5.00 5.00 3.00 3.00 3.00 3.00 3.00 3.00 3.00 3.00 3.00 3.00 3.00 3.00 3.00 3.00 3.00 3.00 3.00 

 
 
 

 Residential Waste Reduction Fees         
TAXING UNIT 2013 2012 2011 2010 2009 2008 2007 2006 2005 2004 2003 2002 2001 2000 1999 1998 1997 1996 1995 
WAKE COUNTY 20.00 20.00 20.00 20.00 20.00 20.00 20.00 20.00 20.00 20.00 20.00 20.00 20.00 20.00 16.50 16.50 16.50 15.00 15.00 

 
 
 
 
 
 



Fire Tax Districts                            
TWP DISTRICT CODE 2013 2012 2011 2010 2009 2008 2007 2006 2005 2004 2003 2002 2001 2000 1999 1998 1997 1996 1995 1994 1993 1992 1991 1990 1989 1988 1987 

1 BAYLEAF BAY                .065 .065 .065 .065 .065 .065 .055 .055 .055 .055 .055 .07 
2 DURHAM HIGHWAY DH                .06 .06 .06 .06 .06 .06 .04 .04 .04 .04 .04 .05 
3 STONY HILL SH                 .10 .10 .10 .10 .10 .095 .07 .07 .07 .10 .10 .08 
4 ROLESVILLE ROL                 .07 .07 .07 .07 .07 .07 .065 .065 .065 .065 .065 .08 
5 CARY (YRAC) YRA                 .10 .085 .08 .08 .08 .08 .075 .075 .075 .10 .06 .04 
6 RALEIGH  RAL                 .10 .10 .10 .10 .095 .095 .095 .095 .095 .10 .10 .10 
7 WAKE-NEW HOPE WH                .10 .075 .075 .075 .075 .075 .065 .08 .08 .08 .08 .06 
8 SIX FORKS (6F) SF                 .06 .06 .06 .06 .06 .06 .055 .07 .07 .07 .07 .07 
9 WAKE FOREST( WAKETTE) WKT                 .085 .085 .075 .075 .075 .065 .05 .07 .07 .07 .07 .07 
10 ZEBULON (WAKELON) WLN                 .095 .095 .095 .095 .095 .075 .065 .08 .08 .08 .08 .08 
11 MORRISVILLE MOR                 .10 .10 .10 .10 .10 .10 .05 .08 .08 .08 .08 .08 
12 SWIFT CREEK SC                 .065 .065 .065 .065 .055 .045 .04 .05 .05 .05 .05 .05 
13 KNIGHTDALE (ALERT) ALT                 .10 .085 .08 .08 .08 .07 .06 .07 .07 .07 .07 .05 
14 FAIRVIEW (TEN-TEN) T-T                 .095 .095 .085 .085 .07 .065 .04 .05 .05 .05 .05 .05 
15 FALLS FLS                 .10 .10 .10 .10 .10 .095 .075 .10 .10 .10 .10 .10 
16 FUQUAY VARINA (FURINA) FUR                 .10 .10 .085 .085 .085 .085 .075 .10 .10 .10 .10 .10 
17 HOLLY SPRINGS HS                 .10 .10 .10 .10 .095 .095 .06 .08 .08 .08 .08 .08 
18 WENDELL (HOLMES) WEN                .09 .09 .09 .09 .08 .08 .07 .09 .09 .09 .09 .09 
19 FAIRGROUNDS FG                 .10 .10 .10 .10 .09 .09 .065 .08 .08 .08 .08 .05 
20 HOPKINS HOP                 .10 .10 .075 .075 .075 .075 .05 .06 .06 .06 .06 .06 
21 APEX (HIPEX) HIP                 .10 .10 .10 .10 .10 .085 .085 .095 .095 .095 .095 .075 
22 GARNER GAR                 .075 .075 .07 .07 .07 .06 .06 .08 .08 .08 .08  
23 FIRE TAX DISTRICT FTD .08 .08 .08 .08 .08 .08 .10 .10 .10 .10 .10 .10 .09 .07  .085             

 
 

Special Districts                           
DISTRICT 2013 2012 2011 2010 2009 2008 2007 2006 2005 2004 2003 2002 2001 2000 1999 1998 1997 1996 1995 1994 1993 1992 1991 1990 1989 1988 1987 

APEX (AMD) 
DOWNTOWN SERV 
DISTRCT 

  
  

 
 

        
 

 
      .25 .25    

BLACKRIVER FIRE 
DISTRICT  ANGIER (BKR) .07 .07 .07 .07 .07 .07 .07 .07 .063      

 
 

           

FUQUAY VARINA (FMD) 
DOWNTOWN SERV 
DISTRICT 

  
    

 
   

    
 

 
   .08 .15      .05 

HILLSBOROUGH STREET 
MUNICIPAL DISTRICT 
(HMD) 

.10 .10 .10 .10 .10  
 

   
    

 
 

           

MORRISVILLE SPECIAL 
DISTRICT (MSD) 

              
             

RALEIGH  (RML) 
MUNICIPAL DISTRICT I  

         .0191
3 .0387 .0387 .0387 .0387              

RALEIGH  (RMS) 
MUNICIPAL DISTRICT II 

         .0786 .0786 .0786 .0786 .0786              

RALEIGH  (RMD) 
MUNICIPAL DISTRICT  .0786 .0786 .0786 .0786 .0786 .427 .0786 .0786 .0786                   

RESEARCH TRIANGLE 
PARK (RTP) .0387 .0387 .0358

2 
.0371

4 .036 .036 .0445
2 

.0196
3 

.0192
6 

.0191
3 

.0192
2 

.0195
8 

.0199
4 

.0136
8 

.0197
3 

.0206
3 .0211 .0211 .0211 .0179

3 
.0179

3 
.0179

3 .0415 .0415 .0415 .0415 .0415 

WAKE FOREST  (WMD) 
DOWNTOWN SERV 
DISTRICT 

.14 .14 .14 .14 .14 .14 .17 .10 .10 .10 .10 .10 .10 .10 .10 .10 .10 .10 .10 .10 .10 .10 .10 .10 .10 .10   

 
WAKE COUNTY DID NOT COLLECT  

 



Municipal Fees  
DISTRICT 2013 
MORRISVILLE  
STORMWATER (PER UNIT) 23.00 
ROLESVILLE SOLID WASTE 
(PER UNIT)  
WENDELL STORMWARER  
(PER UNIT)  

 
WAKE COUNTY DID NOT COLLECT  

 


"
